((19,37),0.07764317180616741)
((4,59),0.030816213214880622)
((49,37),0.18293683347005743)
((12,14),0.06627854903716973)
((18,14),0.06086956521739131)
((3,103),0.02967741935483871)
((1,98),0.03419829008549573)
((10,32),0.10379415612734409)
((3,66),0.030193548387096775)
((1,276),0.014999250037498125)
((195,253),0.45429362880886426)
((13,15),0.059574468085106386)
((73,218),0.13986013986013987)
((9,14),0.11888412017167382)
((9,36),0.050643776824034335)
((45,58),0.10938712179984485)
((2,115),0.02576655501159495)
((1,24),0.087895605219739)
((98,15),0.14783821478382148)
((120,4),0.18867924528301888)
((18,36),0.06141304347826087)
((13,50),0.05673758865248227)
((24,4),0.1314252336448598)
((7,9),0.0712719298245614)
((52,4),0.19027661357921208)
((42,8),0.07704042715484363)
((3,32),0.05858064516129032)
((7,5),0.4130116959064328)
((80,9),0.26045400238948624)
((62,3),0.13039014373716631)
((2,27),0.06647771192991497)
((6,129),0.0364784286215363)
((10,48),0.05276929786306149)
((109,22),0.1975867269984917)
((4,87),0.05885619100499723)
((28,29),0.06576521204671174)
((66,4),0.1186623516720604)
((8,104),0.04236252545824847)
((2,68),0.03658850811646483)
((2,138),0.028343210512754444)
((3,13),0.06090322580645161)
((245,1),0.42857142857142855)
((67,14),0.15737704918032788)
((149,8),0.31645569620253167)
((15,4),0.15219560878243513)
((16,5),0.13229166666666667)
((7,20),0.05299707602339181)
((7,33),0.04276315789473684)
((30,8),0.11741424802110818)
((6,9),0.06524026657313224)
((24,45),0.08119158878504673)
((25,34),0.06227967097532315)
((23,19),0.07472270869819031)
((89,14),0.13216957605985039)
((2,59),0.03220819376449369)
((57,1),0.21320754716981133)
((2,13),0.09662458129348106)
((6,31),0.0540161346895826)
((11,22),0.0506108202443281)
((11,19),0.08944153577661432)
((19,32),0.07819383259911894)
((154,5),0.3141592920353982)
((6,48),0.08172571027709576)
((36,43),0.07482014388489208)
((33,4),0.11281337047353761)
((19,41),0.06277533039647577)
((62,6),0.12217659137577003)
((3,14),0.0696774193548387)
((21,13),0.09193457416807671)
((17,88),0.24139728884254433)
((3,50),0.056)
((28,25),0.07867240319606637)
((40,34),0.10562310030395136)
((11,29),0.06282722513089005)
((1,39),0.04499775011249438)
((7,36),0.07858187134502924)
((3,94),0.03896774193548387)
((21,39),0.06880992667794698)
((47,34),0.12767644726407612)
((4,133),0.03026096612992782)
((86,5),0.1935881627620222)
((17,46),0.08446298227320125)
((3,22),0.05393548387096774)
((50,5),0.38797364085667213)
((117,89),0.36683417085427134)
((25,14),0.07931844888366628)
((124,6),0.22084805653710246)
((237,214),0.47474747474747475)
((2,605),0.027312548312290647)
((54,5),0.13620386643233742)
((3,65),0.0392258064516129)
((21,20),0.07106598984771574)
((1,80),0.025498725063746813)
((5,43),0.07194480946123522)
((21,25),0.07445008460236886)
((10,23),0.05800261665939817)
((1,68),0.035548222588870554)
((24,27),0.0630841121495327)
((62,5),0.16940451745379878)
((6,130),0.03577692037881445)
((22,14),0.0785876993166287)
((3,33),0.03819354838709677)
((39,14),0.10143830431491295)
((1,21),0.05294735263236838)
((4,114),0.03026096612992782)
((216,120),0.3575757575757576)
((9,4),0.16952789699570817)
((28,9),0.09834050399508297)
((13,18),0.06666666666666667)
((1,255),0.02039898005099745)
((10,12),0.07893589184474488)
((51,5),0.0985797827903091)
((1,86),0.03479826008699565)
((1,19),0.0647967601619919)
((22,8),0.09738041002277904)
((3,111),0.03329032258064516)
((60,100),0.12987012987012986)
((154,4),0.32079646017699115)
((1,25),0.04484775761211939)
((46,14),0.1207843137254902)
((2,58),0.03839216696727647)
((101,1),0.20226308345120225)
((15,8),0.09431137724550898)
((40,4),0.2378419452887538)
((26,171),0.13789039481437831)
((1,162),0.015899205039748013)
((28,16),0.08113091579594345)
((12,4),0.09359605911330049)
((3,11),0.08103225806451612)
((7,16),0.07711988304093567)
((65,4),0.21160042964554243)
((53,6),0.11769834350479512)
((53,12),0.0959023539668701)
((8,14),0.08757637474541752)
((84,3),0.14666666666666667)
((60,19),0.13586413586413587)
((106,17),0.24814264487369986)
((37,56),0.08653846153846154)
((47,6),0.24742268041237114)
((18,70),0.05652173913043478)
((22,39),0.08029612756264237)
((29,16),0.08817766165904638)
((1,76),0.024448777561121945)
((24,5),0.11448598130841121)
((1,71),0.029248537573121344)
((146,18),0.3020833333333333)
((1,41),0.03809809509524524)
((112,4),0.2227342549923195)
((31,27),0.07588985896574882)
((15,87),0.05888223552894212)
((65,5),0.18474758324382384)
((33,13),0.08008356545961003)
((39,4),0.18925056775170326)
((84,21),0.13333333333333333)
((6,56),0.05015783935461242)
((16,36),0.08177083333333333)
((24,73),0.06950934579439252)
((15,77),0.08982035928143713)
((26,2),0.09899823217442545)
((3,67),0.0327741935483871)
((73,20),0.18181818181818182)
((7,18),0.08735380116959064)
((40,35),0.08282674772036475)
((3,12),0.09187096774193548)
((1,37),0.05834708264586771)
((22,36),0.09453302961275627)
((3,31),0.04335483870967742)
((21,12),0.07106598984771574)
((23,4),0.12726211325160536)
((11,17),0.06631762652705062)
((11,9),0.0737347294938918)
((2,275),0.027570213862406597)
((31,22),0.07588985896574882)
((3,17),0.04464516129032258)
((9,25),0.06309012875536481)
((38,8),0.09144981412639405)
((1,133),0.024598770061496925)
((17,55),0.06934306569343066)
((6,70),0.061732725359522976)
((34,12),0.07887323943661972)
((254,43),0.3879003558718861)
((23,5),0.07530647985989491)
((64,69),0.12085561497326203)
((23,46),0.06129597197898424)
((45,4),0.13498836307214895)
((165,92),0.28837209302325584)
((18,43),0.06576086956521739)
((44,19),0.07984496124031008)
((12,37),0.05150022391401702)
((28,1),0.2347879532882606)
((11,6),0.06457242582897033)
((28,10),0.1057160417947142)
((21,16),0.08121827411167512)
((15,36),0.05139720558882235)
((85,94),0.14425427872860636)
((45,22),0.11404189294026378)
((84,82),0.15515151515151515)
((12,139),0.04567845947156292)
((24,17),0.0963785046728972)
((84,8),0.23515151515151514)
((4,69),0.03414769572459744)
((9,43),0.05407725321888412)
((6,30),0.05682216766047001)
((7,14),0.06907894736842106)
((28,14),0.09096496619545175)
((57,6),0.1160377358490566)
((33,14),0.07520891364902507)
((25,13),0.06404230317273796)
((6,120),0.04244124868467204)
((156,203),0.30580357142857145)
((81,2),0.1466346153846154)
((1,23),0.04754762261886906)
((80,15),0.12305854241338113)
((62,11),0.11601642710472279)
((26,9),0.0966411314083677)
((53,31),0.09415867480383609)
((125,33),0.3096085409252669)
((1,223),0.019799010049497526)
((85,4),0.22860635696821516)
((2,34),0.07961865498582839)
((1,73),0.03899805009749512)
((3,89),0.03483870967741935)
((1,339),0.015299235038248088)
((46,15),0.08784313725490196)
((11,2),0.15095986038394416)
((169,1),0.3405275779376499)
((19,48),0.06222466960352423)
((246,3),0.34965034965034963)
((41,15),0.10106382978723404)
((7,81),0.03983918128654971)
((61,6),0.13743589743589743)
((24,37),0.07593457943925233)
((2,144),0.028343210512754444)
((51,4),0.09022556390977443)
((16,35),0.075)
((51,16),0.08521303258145363)
((113,41),0.373015873015873)
((11,48),0.05279232111692845)
((33,43),0.0786908077994429)
((11,42),0.04668411867364747)
((238,118),0.972972972972973)
((10,15),0.06367204535542957)
((10,13),0.07283035324901875)
((1,66),0.04139793010349482)
((11,37),0.04537521815008726)
((51,2),0.17794486215538846)
((28,2),0.11124769514443761)
((34,5),0.13802816901408452)
((47,1),0.28865979381443296)
((9,18),0.0871244635193133)
((86,6),0.15166461159062886)
((28,4),0.1524277811923786)
((1,27),0.08894555272236389)
((30,2),0.09300791556728233)
((3,146),0.02890322580645161)
((21,232),0.05640157924421884)
((190,11),0.2853333333333333)
((62,4),0.11909650924024641)
((1,342),0.01799910004499775)
((11,20),0.04537521815008726)
((7,52),0.043859649122807015)
((98,4),0.16875871687587168)
((18,20),0.057608695652173914)
((45,14),0.0969743987587277)
((67,16),0.11366120218579236)
((1,94),0.032998350082495874)
((15,69),0.05039920159680639)
((1,148),0.01784910754462277)
((28,15),0.07375537799631224)
((83,6),0.13132530120481928)
((1,30),0.06014699265036748)
((29,32),0.06531678641410843)
((18,5),0.12934782608695652)
((2,17),0.03555784591600103)
((85,5),0.5012224938875306)
((1,43),0.0662966851657417)
((84,4),0.14181818181818182)
((91,8),0.1879021879021879)
((9,5),0.06781115879828326)
((11,5),0.11649214659685864)
((15,59),0.056387225548902194)
((10,30),0.28739642389882253)
((3,27),0.07819354838709677)
((13,27),0.05673758865248227)
((83,5),0.1674698795180723)
((62,50),0.13655030800821355)
((46,8),0.11764705882352941)
((49,2),0.12633305988515175)
((3,25),0.05651612903225806)
((19,35),0.07488986784140969)
((2,94),0.03323885596495749)
((223,11),0.3956386292834891)
((58,5),0.11376673040152964)
((28,5),0.0860479409956976)
((12,16),0.06269592476489028)
((80,74),0.16009557945041816)
((4,8),0.08828428650749584)
((51,100),0.38011695906432746)
((29,5),0.11103853690398433)
((10,66),0.06018316615787178)
((24,11),0.08352803738317757)
((1,197),0.017249137543122843)
((2,43),0.05849007987632054)
((2,35),0.06029373872713218)
((1,3),0.23878806059697016)
((18,39),0.05543478260869565)
((82,8),0.22716346153846154)
((3,69),0.09058064516129032)
((1,113),0.02294885255737213)
((32,27),0.07320349227669577)
((6,103),0.03577692037881445)
((23,17),0.09632224168126094)
((154,3),0.2743362831858407)
((73,22),0.17832167832167833)
((10,20),0.09289140863497601)
((2,48),0.05745941767585674)
((22,35),0.0928246013667426)
((1,50),0.05729713514324284)
((1,63),0.018749062546872655)
((6,77),0.041388986320589266)
((152,3),0.23026315789473684)
((51,15),0.11779448621553884)
((46,100),0.08862745098039215)
((1,185),0.016349182540872958)
((10,19),0.06846925425207152)
((10,27),0.09201918883558657)
((89,2),0.18204488778054864)
((86,4),0.19482120838471023)
((18,52),0.06304347826086956)
((19,14),0.09581497797356828)
((6,87),0.04840406874780779)
((57,26),0.29339622641509433)
((32,8),0.19207521826729348)
((47,4),0.22442505947660588)
((29,18),0.06531678641410843)
((80,135),0.17443249701314217)
((24,16),0.0794392523364486)
((10,2),0.12385521151330135)
((394,6),0.6464088397790055)
((85,43),0.22493887530562348)
((24,3),0.17289719626168223)
((86,32),0.12453760789149199)
((65,15),0.1310418904403867)
((53,4),0.17088055797733218)
((3,98),0.03948387096774193)
((73,2),0.12237762237762238)
((28,31),0.06576521204671174)
((19,12),0.06607929515418502)
((64,3),0.21818181818181817)
((10,35),0.0623637156563454)
((1,82),0.027298635068246587)
((4,43),0.06246529705719045)
((3,77),0.026838709677419356)
((17,58),0.06725755995828989)
((1,108),0.022048897555122245)
((4,5),0.15602443087173792)
((6,74),0.03753069098561908)
((1,111),0.023248837558122095)
((28,8),0.08912108174554395)
((23,45),0.08172796263864565)
((10,54),0.05058874836458788)
((57,3),0.1490566037735849)
((10,71),0.06672481465329264)
((51,8),0.08688387635756056)
((200,1),0.3028571428571429)
((60,7),0.16683316683316685)
((40,12),0.0980243161094225)
((4,104),0.028595224875069405)
((24,42),0.07593457943925233)
((107,14),0.1536144578313253)
((11,27),0.060209424083769635)
((19,8),0.12830396475770925)
((19,5),0.12334801762114538)
((1,235),0.020098995050247488)
((86,3),0.14919852034525277)
((60,15),0.23576423576423577)
((49,5),0.15996718621821165)
((1,51),0.13154342282885856)
((7,154),0.05445906432748538)
((37,14),0.09171597633136094)
((98,87),0.1701534170153417)
((7,43),0.06396198830409357)
((6,35),0.0540161346895826)
((22,27),0.07915717539863326)
((61,7),0.30666666666666664)
((18,16),0.06739130434782609)
((28,11),0.08236017209588199)
((2,108),0.027570213862406597)
((17,14),0.13451511991657977)
((4,48),0.04775124930594114)
((17,16),0.08394160583941605)
((18,15),0.10326086956521739)
((20,35),0.0734304932735426)
((40,6),0.1474164133738602)
((1,115),0.02249887505624719)
((1,2),0.16049197540122995)
((46,22),0.08313725490196078)
((23,2),0.11441914769410391)
((7,76),0.04057017543859649)
((60,9),0.12187812187812187)
((53,63),0.08892763731473409)
((1,112),0.02384880755962202)
((9,48),0.04291845493562232)
((25,15),0.0799059929494712)
((3,35),0.04696774193548387)
((19,27),0.07048458149779736)
((16,27),0.07447916666666667)
((54,6),0.12214411247803164)
((2,74),0.042514815769131666)
((37,39),0.07544378698224852)
((10,17),0.07980811164413432)
((26,4),0.13435474366529168)
((40,70),0.08282674772036475)
((26,25),0.06423099587507367)
((3,38),0.05367741935483871)
((19,56),0.07984581497797356)
((1,186),0.018299085045747714)
((1,54),0.05294735263236838)
((134,69),0.21455938697318008)
((1,78),0.03629818509074546)
((2,70),0.05849007987632054)
((7,4),0.260233918128655)
((68,127),0.17218543046357615)
((1,144),0.017249137543122843)
((21,133),0.06091370558375635)
((37,27),0.08357988165680473)
((10,53),0.043610989969472304)
((28,23),0.06207744314689613)
((3,26),0.03974193548387097)
((2,155),0.03246585931460964)
((261,141),0.41605839416058393)
((10,3),0.2102049716528565)
((7,24),0.05665204678362573)
((3,76),0.03974193548387097)
((16,8),0.11822916666666666)
((45,13),0.10705973622963538)
((13,37),0.07423167848699763)
((79,43),0.12157330154946365)
((381,29),0.5668449197860963)
((31,4),0.14573539288112827)
((21,30),0.06091370558375635)
((117,3),0.17587939698492464)
((15,39),0.06986027944111776)
((33,2),0.10654596100278552)
((108,27),0.1566265060240964)
((10,77),0.05276929786306149)
((1,29),0.07229638518074097)
((10,45),0.05843872655909289)
((44,37),0.07906976744186046)
((3,15),0.10529032258064516)
((31,15),0.0725319006044325)
((21,22),0.10829103214890017)
((19,34),0.0710352422907489)
((1,34),0.035548222588870554)
((135,4),0.21497120921305182)
((22,277),0.05694760820045558)
((20,8),0.05661434977578475)
((6,13),0.08067344791301298)
((81,3),0.19110576923076922)
((54,3),0.19244288224956063)
((1,7),0.13229338533073345)
((69,56),0.3479236812570146)
((1,17),0.06509674516274186)
((7,37),0.0891812865497076)
((3,39),0.05393548387096774)
((16,32),0.09791666666666667)
((1,9),0.05639718014099295)
((3,113),0.025806451612903226)
((3,78),0.04258064516129032)
((7,11),0.10160818713450293)
((10,95),0.08460532054077627)
((6,138),0.04805331462644686)
((19,9),0.0881057268722467)
((64,12),0.11871657754010695)
((6,15),0.31953700455980355)
((37,15),0.11094674556213018)
((23,16),0.07122008172796264)
((32,14),0.09335124244459368)
((32,5),0.14640698455339154)
((58,8),0.09560229445506692)
((10,31),0.06759703445268207)
((3,74),0.027870967741935485)
((57,11),0.10471698113207548)
((51,48),0.11695906432748537)
((30,12),0.09630606860158311)
((8,36),0.0635437881873727)
((12,46),0.04657411553963278)
((15,14),0.06187624750499002)
((41,8),0.0858662613981763)
((8,27),0.07494908350305499)
((3,29),0.05625806451612903)
((1,126),0.031948402579871006)
((33,17),0.11142061281337047)
((7,34),0.07675438596491228)
((16,77),0.07604166666666666)
((48,5),0.15163934426229508)
((64,15),0.1358288770053476)
((30,36),0.06728232189973615)
((9,27),0.05021459227467811)
((2,75),0.029116207163102294)
((12,58),0.04478280340349306)
((1,52),0.0287985600719964)
((23,13),0.08231173380035026)
((46,27),0.0815686274509804)
((28,17),0.0958819913952059)
((40,5),0.10866261398176291)
((37,22),0.07618343195266272)
((1,147),0.020248987550622467)
((21,45),0.0874224478285392)
((3,99),0.030193548387096775)
((1,79),0.027298635068246587)
((25,2),0.13278495887191538)
((47,7),0.1633624107850912)
((1,10),0.13769311534423279)
((4,56),0.07912270960577457)
((134,1),0.22413793103448276)
((3,129),0.02735483870967742)
((1,85),0.041247937603119844)
((71,4),0.1378132118451025)
((28,18),0.06515058389674247)
((21,8),0.10039481105470953)
((107,1),0.26957831325301207)
((9,70),0.05150214592274678)
((60,5),0.12487512487512488)
((4,14),0.08217656857301499)
((3,34),0.04696774193548387)
((10,5),0.08155255124291322)
((61,4),0.13846153846153847)
((1,36),0.06119694015299235)
((7,78),0.0935672514619883)
((1,114),0.020998950052497377)
((12,13),0.06090461262875056)
((46,5),0.15529411764705883)
((11,16),0.07068062827225131)
((27,5),0.1221142162818955)
((24,20),0.09228971962616822)
((13,143),0.05390070921985816)
((6,18),0.0715538407576289)
((1,152),0.02369881505924704)
((137,102),0.23984526112185686)
((1,135),0.019949002549872506)
((349,2),1.0)
((1,141),0.03239838008099595)
((80,41),0.13022700119474312)
((6,4),0.17046650298141003)
((11,18),0.060209424083769635)
((65,2),0.18259935553168635)
((9,46),0.061802575107296136)
((64,2),0.12941176470588237)
((7,35),0.06469298245614036)
((103,2),0.16929698708751795)
((157,1),0.2692307692307692)
((3,153),0.02864516129032258)
((1,45),0.0311984400779961)
((28,26),0.0645359557467732)
((7,31),0.0402046783625731)
((23,43),0.0840630472854641)
((80,14),0.1863799283154122)
((63,20),0.11758474576271187)
((6,23),0.04840406874780779)
((7,58),0.038011695906432746)
((3,37),0.04129032258064516)
((86,2),0.1935881627620222)
((12,20),0.052395879982086876)
((31,26),0.06783075889858965)
((1,254),0.015149242537873106)
((134,64),0.4904214559386973)
((10,51),0.08765808983863933)
((18,133),0.0641304347826087)
((2,76),0.03272352486472559)
((3,85),0.03638709677419355)
((33,93),0.08495821727019498)
((51,46),0.13450292397660818)
((19,15),0.10572687224669604)
((38,15),0.08550185873605948)
((31,9),0.09603760913364674)
((19,22),0.07599118942731277)
((21,24),0.08009024252679076)
((1,181),0.015149242537873106)
((57,9),0.30660377358490565)
((12,22),0.05463502015226153)
((17,52),0.053701772679874867)
((3,184),0.026064516129032256)
((10,22),0.15089402529437418)
((3,9),0.09264516129032258)
((7,22),0.06944444444444445)
((46,48),0.08078431372549019)
((3,58),0.029161290322580646)
((28,47),0.07805777504609711)
((10,11),0.08068033144352377)
((1,121),0.019949002549872506)
((52,5),0.09304274937133278)
((2,22),0.054109765524349394)
((10,92),0.07326646314871348)
((37,8),0.15014792899408283)
((147,231),0.4497907949790795)
((37,5),0.15828402366863906)
((160,1),0.2328767123287671)
((30,27),0.08575197889182058)
((24,12),0.0911214953271028)
((21,17),0.14777213761985336)
((49,34),0.10090237899917966)
((3,4),0.14967741935483872)
((2,67),0.029116207163102294)
((12,35),0.04746977160770264)
((22,16),0.09111617312072894)
((47,111),0.0816812053925456)
((1,31),0.0335983200839958)
((1,20),0.045297735113244336)
((96,8),0.1360544217687075)
((1,346),0.01544922753862307)
((1,105),0.01694915254237288)
((1,122),0.03719814009299535)
((1,67),0.03344832758362082)
((109,35),0.17345399698340874)
((28,27),0.0626920712968654)
((1,143),0.018599070046497676)
((37,50),0.08505917159763314)
((1,56),0.04184790760461977)
((22,4),0.2215261958997722)
((49,22),0.09351927809680066)
((7,38),0.04751461988304093)
((10,6),0.11295246402093327)
((60,2),0.23476523476523475)
((7,10),0.07748538011695906)
((1,96),0.01559922003899805)
((248,43),0.3741258741258741)
((79,8),0.12038140643623362)
((70,5),0.11564625850340136)
((11,209),0.049738219895287955)
((11,4),0.11125654450261781)
((12,5),0.09180474697716078)
((9,34),0.11030042918454935)
((1,48),0.059397030148492576)
((6,46),0.0445457734128376)
((10,37),0.051897078063672046)
((3,114),0.025806451612903226)
((3,59),0.048)
((7,26),0.043859649122807015)
((85,78),0.1491442542787286)
((1,5),0.13844307784610768)
((3,46),0.04412903225806451)
((9,29),0.04377682403433476)
((7,8),0.089546783625731)
((22,20),0.14407744874715261)
((22,286),0.08143507972665148)
((1,120),0.016049197540122993)
((126,8),0.36917562724014336)
((53,59),0.2728857890148213)
((34,18),0.07816901408450705)
((110,4),0.15877862595419848)
((9,39),0.048927038626609444)
((4,72),0.032759578012215435)
((62,2),0.23819301848049282)
((19,13),0.08755506607929515)
((13,5),0.10638297872340426)
((1,165),0.03239838008099595)
((62,1),0.26591375770020537)
((162,5),0.2562929061784897)
((19,16),0.07488986784140969)
((6,2),0.053314626446860754)
((29,15),0.08752449379490529)
((10,73),0.05843872655909289)
((205,23),0.6403508771929824)
((7,48),0.07529239766081872)
((26,8),0.07012374779021803)
((1,125),0.018449077546122693)
((9,2),0.12532188841201716)
((97,4),0.26785714285714285)
((11,23),0.0824607329842932)
((47,40),0.10626486915146709)
((10,46),0.053205407762756216)
((41,13),0.07674772036474165)
((1,65),0.037798110094495276)
((42,12),0.13882532418001525)
((275,4),0.40229885057471265)
((82,37),0.1622596153846154)
((28,45),0.09219422249539029)
((62,7),0.19096509240246407)
((1,217),0.022048897555122245)
((85,11),0.13447432762836187)
((19,51),0.07158590308370044)
((33,22),0.08913649025069638)
((105,4),0.1608695652173913)
((3,138),0.026838709677419356)
((21,23),0.08967851099830795)
((26,5),0.06894519740718916)
((45,8),0.2591155934833204)
((48,100),0.08360655737704918)
((89,80),0.23690773067331672)
((1,16),0.08924553772311385)
((49,9),0.13699753896636588)
((19,29),0.07984581497797356)
((44,3),0.2527131782945736)
((9,12),0.08025751072961373)
((1,97),0.01559922003899805)
((34,14),0.09225352112676057)
((15,32),0.07934131736526946)
((81,116),0.1935096153846154)
((95,22),0.2956058588548602)
((21,14),0.0772701635645798)
((22,5),0.10136674259681093)
((4,162),0.03248195446973903)
((73,3),0.12937062937062938)
((2,37),0.0760113372842051)
((38,2),0.12565055762081784)
((80,2),0.15412186379928317)
((98,2),0.21478382147838215)
((217,346),0.3201219512195122)
((2,50),0.3125483122906467)
((1,106),0.05549722513874306)
((7,25),0.0537280701754386)
((1,59),0.026098695065246737)
((1,6),0.1247937603119844)
((17,27),0.07455683003128259)
((1,22),0.06914654267286635)
((71,3),0.11617312072892938)
((24,6),0.08177570093457943)
((47,5),0.14988104678826328)
((6,65),0.06453875833041038)
((24,2),0.1185747663551402)
((6,27),0.049105576990529635)
((40,19),0.09346504559270517)
((3,8),0.0784516129032258)
((109,4),0.18401206636500755)
((19,58),0.07819383259911894)
((2,12),0.06415872197887143)
((6,5),0.04033672395650649)
((18,22),0.06195652173913044)
((1,72),0.026698665066746664)
((23,12),0.07355516637478109)
((33,16),0.07242339832869081)
((11,8),0.10209424083769633)
((34,74),0.12746478873239436)
((6,14),0.047351806383725006)
((1,46),0.058647067646617666)
((7,53),0.04057017543859649)
((71,20),0.11845102505694761)
((61,10),0.13435897435897437)
((78,5),0.41460541813898705)
((44,6),0.5511627906976744)
((16,4),0.15885416666666666)
((49,1),0.24364232977850697)
((84,126),0.13696969696969696)
((39,48),0.1514004542013626)
((10,8),0.12341910161360663)
((1,99),0.035548222588870554)
((58,4),0.13479923518164436)
((42,4),0.08848207475209764)
((28,24),0.07744314689612784)
((11,52),0.047556719022687606)
((1,100),0.07589620518974051)
((30,17),0.07255936675461741)
((1,110),0.022648867556622168)
((10,16),0.11774967291757522)
((6,33),0.04700105226236408)
((81,5),0.2091346153846154)
((39,5),0.12944738834216502)
((26,102),0.0713022981732469)
((6,22),0.03612767450017538)
((22,43),0.08200455580865604)
((40,15),0.10562310030395136)
((9,13),0.08798283261802575)
((17,20),0.08759124087591241)
((21,10),0.10152284263959391)
((9,35),0.05965665236051502)
((28,6),0.09526736324523663)
((73,4),0.2692307692307692)
((10,42),0.06367204535542957)
((4,55),0.03248195446973903)
((25,22),0.05934195064629847)
((42,5),0.08009153318077804)
((1,42),0.05264736763161842)
((31,45),0.08462055070517126)
((83,11),0.13012048192771083)
((21,54),0.0676818950930626)
((113,2),0.1634920634920635)
((87,5),0.15166461159062886)
((2,56),0.05179077557330585)
((2,82),0.029116207163102294)
((73,31),0.12354312354312354)
((11,15),0.05759162303664921)
((44,8),0.10077519379844961)
((246,51),0.5)
((3,2),0.17987096774193548)
((54,11),0.09666080843585237)
((37,16),0.10281065088757396)
((26,161),0.07719505008839128)
((86,15),0.12330456226880394)
((49,39),0.09023789991796555)
((5,35),0.049277266754270695)
((3,55),0.03174193548387097)
((40,65),0.08966565349544073)
((53,2),0.12903225806451613)
((9,15),0.06394849785407725)
((10,33),0.04971652856519843)
((23,14),0.08873321657910099)
((28,19),0.06637984019668101)
((23,26),0.07705779334500876)
((1,75),0.02624868756562172)
((2,29),0.055398093274929144)
((38,29),0.0795539033457249)
((1,93),0.03149842507874606)
((113,80),0.19047619047619047)
((38,5),0.1100371747211896)
((19,2),0.14977973568281938)
((10,39),0.061927605756650676)
((21,9),0.08629441624365482)
((472,74),0.7094594594594594)
((49,56),0.18621821164889255)
((1,14),0.06089695515224239)
((1,123),0.030148492575371232)
((24,33),0.0625)
((45,17),0.16602017067494182)
((9,22),0.048927038626609444)
((155,5),0.39111111111111113)
((23,79),0.07764156450671336)
((25,20),0.05992949471210341)
((56,35),0.11100917431192661)
((12,15),0.06762203313927452)
((6,16),0.06383725008768854)
((26,13),0.08014142604596347)
((12,18),0.05821764442454098)
((73,45),0.11771561771561771)
((2,87),0.04071115691832002)
((47,13),0.10547184773988898)
((10,29),0.0680331443523768)
((16,14),0.08958333333333333)
((30,92),0.08773087071240106)
((369,2),0.717948717948718)
((3,68),0.03819354838709677)
((2,79),0.03942282916774027)
((11,46),0.07155322862129145)
((2,20),0.06364339087863953)
((1,55),0.0311984400779961)
((177,137),0.45685279187817257)
((53,5),0.08718395815170009)
((29,17),0.10254735467015023)
((11,14),0.08464223385689354)
((11,25),0.0549738219895288)
((21,33),0.06824591088550479)
((6,19),0.09049456331111891)
((122,35),0.4379310344827586)
((29,14),0.09274983670803397)
((283,150),0.5803921568627451)
((2,14),0.053336768874001544)
((57,10),0.09433962264150944)
((40,2),0.11094224924012158)
((83,4),0.18795180722891566)
((23,29),0.1535318155283129)
((13,36),0.052955082742316785)
((12,27),0.045230631437527986)
((70,4),0.36281179138321995)
((29,27),0.07642064010450686)
((3,56),0.07019354838709678)
((1,164),0.019799010049497526)
((17,13),0.11001042752867571)
((21,26),0.06091370558375635)
((23,108),0.05837711617046118)
((84,32),0.13818181818181818)
((1,69),0.051297435128243585)
((6,69),0.04209049456331112)
((3,72),0.04361290322580645)
((3,93),0.027870967741935485)
((11,68),0.08376963350785341)
((1,248),0.015149242537873106)
((49,18),0.08367514356029532)
((12,32),0.05373936408419167)
((1,77),0.031048447577621117)
((4,32),0.046640755136035536)
((40,69),0.24924012158054712)
((77,14),0.15176470588235294)
((7,51),0.059941520467836254)
((21,4),0.12351945854483926)
((3,42),0.04670967741935484)
((7,104),0.04312865497076023)
((61,2),0.3517948717948718)
((2,39),0.054367431074465344)
((22,32),0.058656036446469245)
((4,27),0.061632426429761245)
((141,181),0.2361111111111111)
((53,3),0.12728857890148212)
((1,174),0.01949902504874756)
((1,26),0.04184790760461977)
((1,214),0.017699115044247787)
((207,14),0.3812316715542522)
((1,13),0.07064646767661617)
((1,155),0.02504874756262187)
((33,29),0.0947075208913649)
((7,27),0.09320175438596491)
((76,5),0.18192488262910797)
((8,43),0.10957230142566192)
((1,224),0.016049197540122993)
((4,75),0.0277623542476402)
((3,20),0.05625806451612903)
((19,39),0.07544052863436124)
((31,13),0.08327736736064473)
((6,39),0.06524026657313224)
((11,13),0.06806282722513089)
((120,66),0.1955403087478559)
((74,14),0.1191588785046729)
((7,85),0.1118421052631579)
((19,36),0.0671806167400881)
((13,52),0.0524822695035461)
((41,4),0.1276595744680851)
((1,33),0.043647817609119545)
((54,36),0.08963093145869948)
((1,58),0.030748462576871156)
((1,104),0.03314834258287085)
((2,78),0.21515073434681783)
((2,8),0.07961865498582839)
((16,48),0.053125)
((13,14),0.07565011820330969)
((61,3),0.3128205128205128)
((40,3),0.22112462006079028)
((24,10),0.1711448598130841)
((1,116),0.021148942552872356)
((45,12),0.09309542280837858)
((26,19),0.0648202710665881)
((83,75),0.1578313253012048)
((1,15),0.08414579271036449)
((42,18),0.10831426392067124)
((13,22),0.09881796690307329)
((134,3),0.3544061302681992)
((27,14),0.08687727825030377)
((37,58),0.08801775147928995)
((107,2),0.16716867469879518)
((60,40),0.11788211788211789)
((60,34),0.1028971028971029)
((11,38),0.05017452006980803)
((12,17),0.07389162561576355)
((1,314),0.01664916754162292)
((117,41),0.17252931323283083)
((15,48),0.07285429141716566)
((9,8),0.08669527896995709)
((4,100),0.03359244863964464)
((47,3),0.1823949246629659)
((60,13),0.10789210789210789)
((246,1),0.9545454545454546)
((7,2),0.4583333333333333)
((34,8),0.07464788732394366)
((45,16),0.08456167571761056)
((20,4),0.18161434977578475)
((65,37),0.12244897959183673)
((52,8),0.10729253981559095)
((73,13),0.11771561771561771)
((29,4),0.12540822991508818)
((38,25),0.07881040892193308)
((99,5),0.14825174825174825)
((84,24),0.1406060606060606)
((2,32),0.05926307652666839)
((7,83),0.057383040935672515)
((12,115),0.06269592476489028)
((4,143),0.09217101610216547)
((41,9),0.24088145896656535)
((31,8),0.1061114842175957)
((9,16),0.05708154506437768)
((3,70),0.03303225806451613)
((17,8),0.16371220020855057)
((12,43),0.077474249888043)
((17,39),0.058394160583941604)
((93,22),0.16753926701570682)
((4,35),0.030816213214880622)
((45,27),0.09309542280837858)
((1,38),0.05324733763311834)
((11,12),0.07897033158813263)
((7,56),0.04788011695906433)
((21,66),0.06880992667794698)
((37,32),0.09171597633136094)
((49,3),0.1583264971287941)
((46,39),0.08941176470588236)
((40,39),0.08434650455927052)
((33,5),0.09401114206128133)
((607,2),0.9905660377358491)
((29,239),0.06858262573481384)
((1,136),0.022048897555122245)
((31,14),0.09738079247817327)
((19,4),0.18997797356828194)
((1,124),0.016499175041247937)
((12,8),0.10165696372592924)
((9,17),0.06609442060085836)
((38,9),0.08327137546468401)
((47,50),0.08088818398096749)
((7,54),0.047149122807017545)
((24,23),0.06133177570093458)
((1,192),0.01559922003899805)
((18,48),0.057065217391304345)
((25,4),0.11750881316098707)
((41,5),0.08662613981762918)
((6,26),0.06524026657313224)
((6,80),0.03682918274289723)
((28,21),0.08358942839582052)
((82,104),0.12259615384615384)
((1,109),0.022198890055497224)
((7,233),0.06907894736842106)
((5,14),0.05354796320630749)
((40,9),0.0790273556231003)
((37,35),0.07396449704142012)
((11,32),0.05410122164048865)
((1,64),0.02654867256637168)
((1,263),0.019949002549872506)
((11,108),0.04406631762652705)
((2,100),0.03684617366658078)
((1,81),0.04754762261886906)
((30,32),0.09894459102902374)
((6,41),0.061732725359522976)
((25,8),0.06874265569917744)
((1,140),0.025498725063746813)
((61,78),0.11076923076923077)
((23,88),0.060128429655575015)
((2,55),0.029631538263334194)
((38,16),0.09665427509293681)
((1,154),0.017549122543872805)
((21,52),0.06486181613085167)
((21,96),0.05978567399887197)
((68,5),0.11147902869757174)
((7,29),0.0625)
((89,41),0.1433915211970075)
((7,41),0.05007309941520468)
((2,18),0.05771708322597269)
((3,48),0.06761290322580644)
((1,139),0.027898605069746514)
((2,36),0.05179077557330585)
((46,36),0.0815686274509804)
((95,93),0.22902796271637815)
((3,19),0.05961290322580645)
((21,27),0.0676818950930626)
((6,100),0.043493511048754825)
((85,50),0.16992665036674817)
((30,4),0.10224274406332454)
((19,18),0.06773127753303965)
((3,100),0.06890322580645161)
((7,87),0.04532163742690058)
((6,8),0.07856892318484743)
((6,98),0.07997193967029112)
((24,9),0.09287383177570094)
((44,15),0.39689922480620154)
((19,88),0.11729074889867841)
((24,95),0.06600467289719626)
((1,129),0.027898605069746514)
((50,8),0.08813838550247118)
((92,35),0.19534282018111254)
((7,70),0.0577485380116959)
((84,1),0.26545454545454544)
((1,145),0.017699115044247787)
((1,53),0.034498275086245686)
((8,5),0.10427698574338086)
((9,74),0.061373390557939916)
((46,4),0.22588235294117648)
((13,4),0.2983451536643026)
((3,5),0.15406451612903227)
((28,7),0.07559926244622003)
((13,16),0.08085106382978724)
((6,43),0.035426166257453526)
((38,4),0.0758364312267658)
((44,51),0.08294573643410853)
((33,27),0.07103064066852367)
((44,48),0.08604651162790698)
((3,105),0.02864516129032258)
((3,127),0.029161290322580646)
((21,42),0.1065989847715736)
((60,51),0.14185814185814186)
((17,4),0.17935349322210636)
((23,27),0.07589025102159953)
((6,89),0.04384426517011575)
((3,80),0.03896774193548387)
((1,138),0.02369881505924704)
((28,13),0.07498463429625077)
((49,19),0.13535684987694832)
((49,7),0.1763740771123872)
((95,20),0.15978695073235685)
((35,14),0.07462686567164178)
((49,4),0.24938474159146842)
((34,15),0.126056338028169)
((2,4),0.22726101520226746)
((7,71),0.03874269005847953)
((24,19),0.07593457943925233)
((10,18),0.06061927605756651)
((5,36),0.05059132720105125)
((3,87),0.04774193548387097)
((1,87),0.04934753262336883)
((41,18),0.10790273556231003)
((1,153),0.0167991600419979)
((56,5),0.10642201834862386)
((47,70),0.1379857256145916)
((1,128),0.01544922753862307)
((18,72),0.06521739130434782)
((1,151),0.01559922003899805)
((64,6),0.1443850267379679)
((11,58),0.04886561954624782)
((61,5),0.3476923076923077)
((1,40),0.03914804259787011)
((7,3),0.19992690058479531)
((78,4),0.2508833922261484)
((3,106),0.030451612903225806)
((2,133),0.027054882762174697)
((11,104),0.05235602094240838)
((1,83),0.028498575071246438)
((7,13),0.07785087719298246)
((54,18),0.13532513181019332)
((71,2),0.13895216400911162)
((268,406),0.3805970149253731)
((44,1),0.3558139534883721)
((13,32),0.05484633569739953)
((4,116),0.0416435313714603)
((117,1),0.2529313232830821)
((6,36),0.055769905296387236)
((23,8),0.08990075890251022)
((7,19),0.10453216374269006)
((6,34),0.0890915468256752)
((38,12),0.08475836431226766)
((18,56),0.075)
((2,16),0.07420767843339346)
((131,4),0.20224719101123595)
((10,25),0.04622764936764064)
((1,91),0.020548972551372433)
((48,8),0.10327868852459017)
((25,5),0.09165687426556991)
((60,4),0.14385614385614387)
((155,4),0.26)
((1,89),0.026998650067496625)
((89,5),0.13216957605985039)
((1,184),0.02279886005699715)
((7,46),0.08333333333333333)
((31,12),0.08327736736064473)
((9,37),0.05193133047210301)
((1,4),0.17084145792710365)
((29,12),0.07576747224036577)
((49,13),0.09351927809680066)
((4,144),0.03220433092726263)
((6,32),0.0715538407576289)
((30,20),0.07849604221635884)
((20,36),0.05717488789237668)
((13,70),0.06052009456264775)
((1,11),0.09749512524373781)
((41,14),0.2712765957446808)
((33,8),0.09958217270194986)
((47,44),0.09754163362410785)
((7,40),0.062134502923976605)
((3,16),0.07483870967741936)
((45,33),0.08068269976726145)
((2,104),0.03581551146611698)
((2,120),0.028085544962638494)
((3,18),0.1207741935483871)
((6,12),0.07260610312171167)
((6,38),0.051210101718695195)
((9,33),0.043347639484978544)
((52,210),0.10142497904442582)
((24,13),0.08995327102803738)
((21,11),0.0676818950930626)
((7,100),0.036915204678362575)
((1,88),0.03419829008549573)
((80,34),0.23775388291517324)
((54,2),0.1625659050966608)
((28,12),0.09342347879532882)
((13,20),0.07565011820330969)
((2,52),0.03375418706518939)
((61,1),0.5394871794871795)
((103,4),0.16212338593974174)
((126,32),0.45161290322580644)
((10,36),0.09332751853467074)
((40,37),0.07750759878419453)
((92,4),0.2613195342820181)
((10,26),0.06367204535542957)
((24,25),0.06366822429906542)
((46,13),0.09411764705882353)
((92,16),0.1410090556274256)
((40,25),0.0797872340425532)
((11,51),0.0462478184991274)
((8,35),0.04562118126272913)
((67,5),0.11256830601092896)
((13,8),0.091725768321513)
((90,1),0.24203821656050956)
((6,76),0.035075412136092596)
((26,15),0.0854449027695934)
((83,2),0.2433734939759036)
((1,18),0.1063446827658617)
((2,143),0.029116207163102294)
((3,51),0.09909677419354838)
((64,13),0.1144385026737968)
((10,14),0.08416921064108156)
((44,10),0.09767441860465116)
((34,4),0.1352112676056338)
((6,25),0.0620834794808839)
((29,88),0.07184846505551927)
((34,13),0.21619718309859154)
((29,8),0.09928151534944481)
((7,50),0.14437134502923976)
((117,2),0.18760469011725292)
((11,50),0.0636998254799302)
((60,1),0.3086913086913087)
((54,48),0.10193321616871705)
((4,50),0.04081066074403109)
((3,43),0.05238709677419355)
((81,4),0.13942307692307693)
((7,65),0.06067251461988304)
((92,122),0.20051746442432083)
((1,118),0.015149242537873106)
((42,22),0.11365369946605644)
((17,36),0.05995828988529719)
((7,17),0.0445906432748538)
((218,4),0.363914373088685)
((4,88),0.03220433092726263)
((1,103),0.02624868756562172)
((31,16),0.07723304231027535)
((31,2),0.08797850906648758)
((28,22),0.09834050399508297)
((76,4),0.21948356807511737)
((134,15),0.2164750957854406)
((135,2),0.2034548944337812)
((6,37),0.07576289021396002)
((10,38),0.06498037505451373)
((1,127),0.017099145042747864)
((34,50),0.07394366197183098)
((10,41),0.04491931966855647)
((7,23),0.05299707602339181)
((30,5),0.06860158311345646)
((6,51),0.07856892318484743)
((85,2),0.530562347188264)
((7,12),0.06396198830409357)
((34,37),0.0852112676056338)
((73,17),0.13403263403263405)
((60,3),0.1918081918081918)
((76,20),0.14906103286384975)
((40,56),0.2993920972644377)
((31,17),0.09603760913364674)
((3,23),0.04335483870967742)
((10,43),0.06061927605756651)
((38,18),0.07881040892193308)
((28,66),0.07990165949600492)
((28,38),0.08236017209588199)
((11,43),0.08638743455497382)
((47,9),0.08643933386201427)
((24,14),0.0905373831775701)
((24,22),0.11039719626168225)
((1,146),0.017699115044247787)
((28,3),0.12476951444376153)
((17,35),0.13712200208550573)
((217,141),0.5792682926829268)
((51,22),0.08437761069340016)
((1,8),0.09059547022648867)
((13,35),0.07801418439716312)
((1,92),0.06929653517324134)
((11,31),0.04842931937172775)
((106,35),0.23922734026745915)
((2,119),0.029116207163102294)
((2,111),0.02576655501159495)
((42,2),0.10221205186880244)
((71,22),0.1765375854214123)
((54,15),0.09050966608084358)
((10,4),0.1474051460968164)
((17,22),0.1251303441084463)
((60,6),0.26573426573426573)
((21,31),0.06034968979131416)
((235,92),0.44884488448844884)
((20,39),0.06502242152466367)
((26,14),0.10430170889805539)
((1,32),0.07184640767961602)
((23,9),0.07238762405137186)
((19,46),0.0842511013215859)
((6,29),0.07085233251490705)
((2,5),0.3638237567637207)
((71,36),0.1366742596810934)
((4,36),0.04441976679622432)
((17,32),0.05683003128258603)
((10,9),0.0867858700392499)
((16,43),0.0546875)
((94,5),0.17454068241469817)
((37,4),0.3158284023668639)
((7,39),0.07456140350877193)
((7,86),0.06798245614035088)
((51,9),0.08437761069340016)
((19,17),0.06497797356828194)
((6,59),0.04594878989828131)
((21,55),0.06204173716864072)
((80,5),0.12066905615292713)
((15,27),0.07634730538922156)
((115,5),0.17763157894736842)
((3,30),0.03896774193548387)
((1,95),0.03734813259337033)
((11,26),0.05715532286212915)
((1,74),0.023398830058497074)
((15,35),0.0499001996007984)
((64,4),0.2716577540106952)
((74,4),0.1191588785046729)
((47,2),0.22204599524187152)
((24,8),0.10163551401869159)
((25,12),0.07638072855464159)
((1,70),0.02504874756262187)
((124,4),0.2579505300353357)
((20,5),0.09473094170403587)
((3,36),0.04696774193548387)
((10,100),0.07544701264718709)
((166,113),0.3864168618266979)
((31,30),0.07118871725990597)
((9,20),0.12060085836909872)
((19,33),0.05837004405286344)
((40,13),0.10638297872340426)
((44,32),0.11705426356589148)
((63,321),0.1260593220338983)
((57,12),0.10660377358490566)
((18,8),0.07282608695652174)
((26,12),0.08839127872716558)
((1,226),0.023098845057747112)
((38,26),0.08698884758364313)
((23,22),0.06538237011091652)
((3,6),0.1318709677419355)
((97,52),0.6016483516483516)
((54,4),0.14147627416520211)
((154,2),0.9867256637168141)
((2,46),0.05076011337284205)
((1,35),0.08054597270136493)
((7,32),0.07419590643274854)
((7,74),0.03837719298245614)
((18,4),0.20652173913043478)
((82,4),0.140625)
((1,119),0.022348882555872206)
((233,4),0.4477124183006536)
((3,140),0.02967741935483871)
((24,51),0.06483644859813084)
((47,15),0.14829500396510706)
((44,4),0.14263565891472868)
((120,219),0.18010291595197256)
((49,6),0.08777686628383921)
((1,12),0.08249587520623969)
((21,3),0.10603496897913142)
((11,79),0.0780977312390925)
((3,41),0.04361290322580645)
((81,12),0.12139423076923077)
((25,18),0.06227967097532315)
((213,43),0.5090361445783133)
((13,56),0.0491725768321513)
((60,10),0.11688311688311688)
((41,2),0.13601823708206687)
